-23821.0
-29700.0
-27508.0
-25913.0
-27653.0
-19968.0
-22323.0
-21622.0
-26648.0
-23457.0
-23589.0
-20392.0
-21246.0
-21665.0
-17518.0
-19664.0
-16056.0
-20344.0
-19716.0
-17536.0
-16606.0
-15767.0
-19005.0
-16548.0
-17395.0
-16580.0
-19460.0
-15221.0
-13458.0
-11550.0
-17599.0
-12955.0
-11285.0
-12278.0
-12138.0
-12678.0
-12331.0
-9998.0
-12367.0
-12744.0
-12565.0
-13080.0
-12287.0
-11762.0
-10212.0
-10052.0
-9855.0
-9263.0
-10856.0
-10392.0
-9305.0
-10294.0
-8308.0
-9827.0
-9694.0
-11646.0
-7833.0
-8388.0
-9285.0
-8483.0
-7693.0
-9239.0
-8222.0
-7512.0
-7724.0
-8046.0
-8041.0
-7846.0
-7127.0
-7753.0
-6905.0
-7446.0
-8459.0
-7987.0
-7238.0
-7644.0
-6403.0
-6326.0
-6025.0
-6278.0
-6453.0
-5593.0
-7016.0
-6430.0
-6769.0
-5894.0
-5543.0
-6402.0
-7165.0
-6270.0
-5044.0
-6568.0
-5323.0
-4679.0
-5120.0
-5126.0
-4866.0
-5208.0
-6184.0
-5221.0
