36661
43804
41134
38714
41450
30800
33548
34760
39759
36720
35900
31135
33399
32708
29399
31960
26198
31813
31514
29362
27349
26176
32007
26919
28449
27157
31516
25840
23909
22492
28461
23784
21664
22261
22424
25762
23007
19514
21924
23811
22146
23626
22755
21732
19214
20599
19699
18169
20841
20120
19308
19660
16742
20112
20241
21255
18090
17525
18843
17601
17463
18199
17234
15866
17668
17232
16291
16873
15337
16931
16124
16262
17020
17695
15789
16089
15095
14223
14036
14608
16038
13554
15277
15035
15459
15445
15378
15376
15802
14240
12592
15618
13302
13268
13233
13054
13363
14233
16239
13152
