6.789074074074074
8.111851851851851
7.617407407407407
7.16925925925926
7.675925925925926
5.703703703703703
6.212592592592593
6.437037037037037
7.362777777777778
6.8
6.648148148148148
5.765740740740741
6.185
6.057037037037037
5.444259259259259
5.9185185185185185
4.851481481481481
5.8912962962962965
5.835925925925926
5.437407407407408
5.064629629629629
4.847407407407408
5.927222222222222
4.985
5.2683333333333335
5.0290740740740745
5.836296296296296
4.785185185185185
4.4275925925925925
4.1651851851851855
5.270555555555555
4.404444444444445
4.011851851851852
4.122407407407407
4.152592592592592
4.770740740740741
4.260555555555555
3.613703703703704
4.06
4.4094444444444445
4.101111111111111
4.3751851851851855
4.213888888888889
4.024444444444445
3.558148148148148
3.81462962962963
3.647962962962963
3.3646296296296296
3.8594444444444442
3.725925925925926
3.5755555555555554
3.640740740740741
3.10037037037037
3.7244444444444444
3.7483333333333335
3.936111111111111
3.35
3.2453703703703702
3.4894444444444446
3.2594444444444446
3.233888888888889
3.370185185185185
3.1914814814814814
2.938148148148148
3.271851851851852
3.1911111111111112
3.0168518518518517
3.1246296296296294
2.8401851851851854
3.1353703703703704
2.985925925925926
3.0114814814814816
3.151851851851852
3.276851851851852
2.923888888888889
2.9794444444444443
2.7953703703703705
2.633888888888889
2.5992592592592594
2.705185185185185
2.97
2.51
2.829074074074074
2.7842592592592594
2.8627777777777776
2.8601851851851854
2.847777777777778
2.8474074074074074
2.926296296296296
2.637037037037037
2.331851851851852
2.8922222222222222
2.4633333333333334
2.457037037037037
2.4505555555555554
2.4174074074074072
2.4746296296296295
2.635740740740741
3.007222222222222
2.4355555555555557
